 27.5   21.0   PKU  452 
 21.8    8.4   ASA  464 
 42.2   16.2   BKT  427 
 20.1    2.0   CUD  557 
 26.1    7.1   GA-1  438 
 42.5   33.0   GALT  379 
 21.1    1.7   IVA  423 
 20.0    0.0   LCHADD  763 
 20.6    2.6   MCADD  421 
 61.7   27.7   3-MCC  725 
 44.9   20.2   3-MCC  563 
 23.8   17.9   CBL   418 
 27.5   62.0   CBL   250 
 34.3   18.2   CIT  412 
 21.2    0.5   HCY  551 
 55.6   56.6   HMG  325 
 31.0   31.1   MCD  543 
 27.0    7.3   MUT  750 
 23.8   21.2   PROP  539 
 59.5   27.7   PROP  728 
125.8  146.1   TYR-I  419 
 20.1    2.3   VLCADD  655 
 20.0    0.0   TFP  763 
 32.0   14.8   TFP  474 
 20.1    3.9   MSUD  482 
 49.6   19.9   MSUD  392 
 24.4    9.7   MSUD  445 

