LCHADD
	  0  273897  
	  0  135961  
	  4  785953  
	  1  47020  
	  1  56665  
	  0  48316  
	  0  97626  
	  1  29416  
	  1  509796  
	  2  656334  
	  3  1755287  
	  1  215616  
	  0  504757  
	  0  40279  
	  0  228879  
	  3  1145134  
	  3  577945  
	  1  322531  
	  0  322489  
	  3  1245716  
	  3  358022  
	  2  615964  
	  3  1567305  
	  0  704310  
	  0  273250  
	  1  690037  
	  4  705026  
	  2  1035764  
	  0  695148  
	  0  96056  
	  0  316368  
	  0  105394  
	  4  483977  
	  1  200373  
	  1  64625  
	  0  119427  
	  0  97956  
	  2  419677  
	  1  313189  
	  0  59836  
	  0  297539  
	  0  114820  
	  7  1661279  
	  1  276174  
	  0  32458  
	  0  86374  
	  6  2997046  
	  0  149783  
	  1  184644  
	  4  428110  
	  0  220866  
** LCHADD 67   24370414
CUD
	  0  256170  
	  3  135961  
	  7  785953  
	  1  47020  
	  1  56665  
	  0  35764  
	  2  48743  
	  0  29416  
	  0  367966  
	  9  656334  
	  32  1755287  
	  0  215616  
	  17  504757  
	  3  40279  
	  2  378676  
	  2  1145134  
	  0  577945  
	  1  322531  
	  0  322489  
	  0  358022  
	  0  531109  
	  2  672886  
	  8  704310  
	  4  273250  
	  3  690037  
	  1  428917  
	  3  636513  
	  1  381129  
	  0  96056  
	  2  316368  
	  4  105394  
	  7  404454  
	  0  200373  
	  1  64625  
	  0  119037  
	  0  69668  
	  2  419677  
	  3  313189  
	  0  59836  
	  0  229554  
	  0  114820  
	  12  1661279  
	  1  276174  
	  0  32458  
	  0  86374  
	  41  2997046  
	  0  149783  
	  2  184644  
	  2  428110  
	  0  220866  
** CUD 179   20908664
GALT
	  11  417425  
	  3  135961  
	  12  785953  
	  5  138094  
	  4  131019  
	  0  60572  
	  0  120710  
	  22  718032  
	  28  1106869  
	  56  2517602  
	  30  1457789  
	  39  1019793  
	  6  212612  
	  11  603370  
	  39  2213751  
	  27  1417732  
	  15  578986  
	  17  421378  
	  16  1245716  
	  7  562008  
	  11  866108  
	  30  1748391  
	  21  876526  
	  21  541304  
	  24  1246254  
	  15  705026  
	  39  1486881  
	  12  695148  
	  8  382133  
	  10  391943  
	  8  411781  
	  12  793504  
	  1  264034  
	  25  97020  
	  8  515776  
	  3  86453  
	  7  942747  
	  13  691931  
	  2  93206  
	  0  360734  
	  3  281724  
	  49  3939957  
	  9  530983  
	  3  67179  
	  11  106126  
	  59  5417932  
	  2  184422  
	  4  225254  
	  5  474310  
	  7  843161  
** GALT 770   41133320
PROP
	  1  252625  
	  0  135961  
	  2  785953  
	  0  47020  
	  0  56665  
	  0  48316  
	  0  97626  
	  1  43205  
	  7  509796  
	  5  938324  
	  5  1755287  
	  3  215616  
	  5  504757  
	  0  40279  
	  1  378676  
	  5  1145134  
	  1  577945  
	  2  322531  
	  3  322489  
	  5  1245716  
	  1  358022  
	  0  615964  
	  4  1567305  
	  4  704310  
	  0  273250  
	  3  690037  
	  1  637598  
	  19  1334848  
	  3  695148  
	  0  96056  
	  1  316368  
	  0  105394  
	  4  483977  
	  0  200373  
	  0  64625  
	  0  119427  
	  1  97956  
	  4  419677  
	  0  313189  
	  0  59836  
	  1  297539  
	  0  114820  
	  4  1661279  
	  0  276174  
	  0  32458  
	  2  86374  
	  6  2997046  
	  0  149783  
	  1  184644  
	  0  428110  
	  0  220866  
** PROP 105   25026374
CBL A,B
	  0  252625  
	  0  135961  
	  3  785953  
	  0  47020  
	  0  56665  
	  0  29832  
	  0  48743  
	  0  29416  
	  0  509796  
	  2  656334  
	  12  1755287  
	  0  215616  
	  0  504757  
	  0  40279  
	  0  378676  
	  0  1145134  
	  5  577945  
	  0  322531  
	  0  322489  
	  8  1245716  
	  0  358022  
	  0  615964  
	  2  1567305  
	  2  704310  
	  4  273250  
	  0  690037  
	  1  428917  
	  0  1035764  
	  0  381129  
	  0  96056  
	  1  316368  
	  0  105394  
	  5  483977  
	  2  200373  
	  0  64625  
	  0  119427  
	  0  97956  
	  0  419677  
	  1  313189  
	  0  59836  
	  0  297539  
	  0  114820  
	  2  1661279  
	  2  276174  
	  0  32458  
	  0  44851  
	  6  2997046  
	  0  149783  
	  0  184644  
	  0  428110  
	  0  220866  
** CBL A,B 58   23799921
IVA
	  4  252625  
	  6  135961  
	  1  785953  
	  0  47020  
	  0  56665  
	  0  48316  
	  0  97626  
	  0  29416  
	  4  509796  
	  4  797029  
	  8  1755287  
	  1  215616  
	  5  504761  
	  0  40279  
	  0  263070  
	  4  1145134  
	  1  577945  
	  2  322531  
	  3  322489  
	  6  1245716  
	  1  358022  
	  4  615964  
	  23  1567305  
	  4  704310  
	  3  273250  
	  1  690037  
	  6  637598  
	  11  1035764  
	  6  695148  
	  1  96056  
	  5  316368  
	  0  105394  
	  5  483977  
	  0  200373  
	  1  64625  
	  0  119427  
	  0  97956  
	  1  419677  
	  1  313189  
	  0  59836  
	  0  297539  
	  0  114820  
	  7  1661279  
	  0  328729  
	  0  32458  
	  0  86374  
	  21  2997046  
	  2  149783  
	  1  184644  
	  1  428110  
	  0  220866  
** IVA 154   24509159
PKU Variant
	  32  417425  
	  11  135961  
	  10  785953  
	  0  138094  
	  2  131019  
	  1  60572  
	  4  120710  
	  1  103183  
	  10  718032  
	  24  1106869  
	  12  2517602  
	  43  1457789  
	  13  1019793  
	  0  212612  
	  22  603370  
	  39  2213751  
	  15  696311  
	  5  644606  
	  0  421378  
	  25  1245716  
	  2  562008  
	  7  517903  
	  17  1748391  
	  27  876526  
	  1  541304  
	  2  1246254  
	  25  705026  
	  23  1486881  
	  5  695148  
	  0  382133  
	  8  391943  
	  2  411781  
	  6  793504  
	  12  264034  
	  0  97020  
	  8  515776  
	  6  119755  
	  38  942747  
	  1  691931  
	  3  93206  
	  0  360734  
	  7  281724  
	  32  3939957  
	  11  530983  
	  1  67179  
	  0  106126  
	  139  5417932  
	  1  184422  
	  1  225254  
	  6  474310  
	  31  843161  
** PKU Variant 691   40265799
3-MCC
	  3  252625  
	  3  135961  
	  16  785953  
	  0  47020  
	  2  56665  
	  1  48316  
	  0  97626  
	  5  29416  
	  11  509796  
	  18  797029  
	  159  1755287  
	  4  215616  
	  7  504761  
	  0  40279  
	  1  210215  
	  21  1145134  
	  36  577945  
	  6  322531  
	  3  322489  
	  42  1245716  
	  7  358022  
	  25  615964  
	  26  1567305  
	  19  704310  
	  7  273250  
	  10  690037  
	  9  637598  
	  10  1035764  
	  18  695148  
	  1  96056  
	  7  316368  
	  1  105394  
	  6  483977  
	  7  200373  
	  2  64625  
	  1  119427  
	  1  97956  
	  7  419677  
	  9  313189  
	  1  59836  
	  3  297539  
	  1  114820  
	  35  1661279  
	  10  328729  
	  1  32458  
	  1  86374  
	  58  2997046  
	  3  149783  
	  1  184644  
	  8  428110  
	  0  220866  
** 3-MCC 633   24456304
Partial BIO
	  23  417425  
	  10  135961  
	  23  785953  
	  6  63368  
	  3  131019  
	  1  60572  
	  4  61161  
	  1  71904  
	  14  718032  
	  91  1041163  
	  37  215616  
	  66  1019793  
	  16  74454  
	  0  409733  
	  24  1201738  
	  15  1097254  
	  18  644606  
	  30  322489  
	  3  768812  
	  4  358022  
	  6  782587  
	  1  1748391  
	  18  876526  
	  97  277799  
	  134  1246254  
	  39  499535  
	  9  948567  
	  0  695148  
	  0  96056  
	  21  354187  
	  0  105394  
	  34  607997  
	  34  264034  
	  2  79304  
	  0  52347  
	  6  69668  
	  6  942747  
	  30  691931  
	  0  48310  
	  16  360734  
	  8  281724  
	  107  1627456  
	  7  267086  
	  1  67179  
	  3  106126  
	  33  1875211  
	  5  184422  
	  8  244254  
	  15  474310  
	  16  605494  
** Partial BIO 1045   26079853
MSUD
	  2  417425  
	  0  135961  
	  4  785953  
	  0  47020  
	  0  131019  
	  0  60572  
	  0  97626  
	  0  103183  
	  10  718032  
	  10  1041163  
	  14  2517602  
	  27  1457789  
	  10  1019793  
	  0  212612  
	  0  378676  
	  5  1145134  
	  4  1417732  
	  0  448564  
	  1  322489  
	  5  1245716  
	  2  358022  
	  3  615964  
	  7  1478516  
	  2  876526  
	  1  273250  
	  4  1246254  
	  1  705026  
	  4  1486881  
	  2  548252  
	  0  96056  
	  0  391943  
	  0  105394  
	  0  483977  
	  0  200373  
	  0  97020  
	  0  119427  
	  0  97956  
	  3  942747  
	  0  313189  
	  0  59836  
	  3  360734  
	  0  114820  
	  5  1661279  
	  0  276174  
	  0  32458  
	  2  106126  
	  21  2997046  
	  2  184422  
	  2  225254  
	  0  474310  
	  2  605494  
** MSUD 158   31238787
MCADD
	  15  288079  
	  11  135961  
	  44  785953  
	  1  63368  
	  4  117700  
	  3  48316  
	  6  97626  
	  2  29416  
	  26  509796  
	  46  938324  
	  85  2262573  
	  11  215616  
	  48  726877  
	  5  40279  
	  24  378676  
	  39  1145134  
	  45  871341  
	  26  448564  
	  22  322489  
	  88  1245716  
	  30  562008  
	  33  615964  
	  81  1567305  
	  42  725687  
	  46  273250  
	  62  942110  
	  62  705026  
	  112  1486881  
	  30  695148  
	  5  96056  
	  30  316368  
	  9  105394  
	  31  562568  
	  16  226170  
	  6  77007  
	  24  244811  
	  6  97956  
	  13  419677  
	  15  313189  
	  0  59836  
	  11  297539  
	  2  114820  
	  94  1661279  
	  36  276174  
	  3  32458  
	  9  86374  
	  115  2997046  
	  4  149783  
	  16  184644  
	  28  428110  
	  32  605494  
** MCADD 1554   27597936
HCY
	  1  417425  
	  1  135961  
	  1  785953  
	  0  47020  
	  0  131019  
	  0  60572  
	  0  97626  
	  0  103183  
	  1  718032  
	  3  656334  
	  7  2517602  
	  0  215616  
	  3  1019793  
	  0  212612  
	  1  378676  
	  5  1145134  
	  3  1417732  
	  0  448564  
	  1  322489  
	  3  1245716  
	  0  358022  
	  2  615964  
	  4  1567305  
	  2  876526  
	  0  273250  
	  1  769794  
	  2  705026  
	  1  1486881  
	  1  548252  
	  0  96056  
	  0  391943  
	  0  105394  
	  1  483977  
	  1  200373  
	  0  79304  
	  0  137334  
	  0  97956  
	  4  942747  
	  0  313189  
	  0  59836  
	  3  360734  
	  2  114820  
	  6  1661279  
	  0  431628  
	  0  32458  
	  0  86374  
	  2  2997046  
	  0  167295  
	  0  205093  
	  1  382057  
	  1  605494  
** HCY 64   29230466
PKU
	  13  417425  
	  10  135961  
	  42  785953  
	  9  138094  
	  0  131019  
	  3  60572  
	  9  120710  
	  0  103183  
	  18  718032  
	  53  1106869  
	  98  2517602  
	  104  1457789  
	  11  1019793  
	  14  212612  
	  31  603370  
	  87  2213751  
	  41  1417732  
	  26  644606  
	  8  421378  
	  50  1245716  
	  22  562008  
	  36  866108  
	  84  1748391  
	  78  876526  
	  33  541304  
	  65  1246254  
	  54  705026  
	  98  1486881  
	  45  695148  
	  15  382133  
	  21  391943  
	  21  411781  
	  47  793504  
	  11  264034  
	  8  97020  
	  24  515776  
	  10  119755  
	  28  942747  
	  29  691931  
	  3  93206  
	  17  360734  
	  5  281724  
	  91  3939957  
	  42  530983  
	  11  67179  
	  7  106126  
	  171  5417932  
	  1  184422  
	  15  225254  
	  20  474310  
	  52  843161  
** PKU 1791   41335425
BIO
	  8  417425  
	  2  135961  
	  8  785953  
	  1  63368  
	  7  131019  
	  2  60572  
	  7  61161  
	  1  71904  
	  6  718032  
	  17  1041163  
	  48  2517602  
	  6  215616  
	  25  1019793  
	  1  74454  
	  3  409733  
	  13  1201738  
	  21  1097254  
	  20  644606  
	  5  322489  
	  5  768812  
	  2  358022  
	  9  782587  
	  13  1748391  
	  12  876526  
	  3  277799  
	  15  1246254  
	  9  499535  
	  20  948567  
	  4  695148  
	  6  96056  
	  12  354187  
	  2  105394  
	  3  607997  
	  5  264034  
	  10  79304  
	  0  52347  
	  0  69668  
	  12  942747  
	  3  691931  
	  0  48310  
	  4  360734  
	  3  281724  
	  23  1627456  
	  6  267086  
	  4  67179  
	  1  106126  
	  25  1875211  
	  1  184422  
	  1  244254  
	  4  474310  
	  4  605494  
** BIO 422   28597455
ASA
	  1  252625  
	  1  135961  
	  4  785953  
	  1  47020  
	  1  56665  
	  0  48316  
	  0  97626  
	  0  29416  
	  0  509796  
	  3  938324  
	  4  1755287  
	  2  215616  
	  0  504757  
	  0  40279  
	  0  378676  
	  3  1145134  
	  2  577945  
	  1  322531  
	  1  322489  
	  1  1245716  
	  2  358022  
	  3  615964  
	  5  1567305  
	  3  704310  
	  2  273250  
	  3  690037  
	  4  637598  
	  4  1334848  
	  2  695148  
	  0  96056  
	  1  316368  
	  1  105394  
	  0  483977  
	  1  200373  
	  0  64625  
	  1  119427  
	  1  97956  
	  0  419677  
	  1  313189  
	  0  59836  
	  4  297539  
	  0  114820  
	  5  1661279  
	  0  276174  
	  0  32458  
	  0  86374  
	  7  2997046  
	  1  149783  
	  1  184644  
	  5  428110  
	  0  220866  
** ASA 82   25012585
MCD
	  0  252625  
	  0  135961  
	  0  785953  
	  0  47020  
	  0  56665  
	  0  29832  
	  0  97626  
	  0  29416  
	  0  509796  
	  0  1755287  
	  0  215616  
	  0  504757  
	  0  40279  
	  0  210215  
	  0  1145134  
	  0  577945  
	  0  322631  
	  0  322489  
	  1  1245716  
	  0  358022  
	  0  615964  
	  2  1567305  
	  0  704310  
	  0  273250  
	  0  690037  
	  0  637598  
	  1  1035764  
	  0  381129  
	  0  96056  
	  0  316368  
	  0  105394  
	  0  483977  
	  0  200373  
	  0  64625  
	  0  119427  
	  1  97956  
	  0  419677  
	  1  313189  
	  0  59836  
	  0  297539  
	  0  114820  
	  2  1661279  
	  0  276174  
	  0  32458  
	  0  86374  
	  3  2997046  
	  1  149783  
	  0  184644  
	  0  288758  
	  0  220866  
** MCD 12   23134961
TYR-I
	  0  273897  
	  0  135961  
	  2  785953  
	  0  27230  
	  1  56665  
	  0  48316  
	  0  97626  
	  1  29416  
	  2  718032  
	  2  656334  
	  3  1755287  
	  1  215616  
	  0  504757  
	  0  40279  
	  1  378676  
	  1  233429  
	  1  1417732  
	  1  322531  
	  2  322489  
	  1  1245716  
	  0  358022  
	  2  615964  
	  1  1567305  
	  0  704310  
	  1  273250  
	  0  690037  
	  0  705026  
	  0  948567  
	  1  548252  
	  0  96056  
	  0  391943  
	  0  105394  
	  0  483977  
	  0  200373  
	  0  64625  
	  0  119427  
	  0  97956  
	  0  462653  
	  0  313189  
	  0  59836  
	  0  297539  
	  0  114820  
	  0  1661279  
	  1  276174  
	  0  32458  
	  1  86374  
	  10  2997046  
	  0  149783  
	  0  184644  
	  0  428110  
	  0  220866  
** TYR-I 36   24521197
GA-1
	  2  256170  
	  1  135961  
	  1  785953  
	  0  47020  
	  0  56665  
	  0  48316  
	  1  97626  
	  0  29416  
	  6  509796  
	  6  797029  
	  81  1755287  
	  5  215616  
	  1  504757  
	  1  40279  
	  0  263070  
	  7  1145134  
	  6  577945  
	  3  322531  
	  3  322489  
	  11  1245716  
	  2  358022  
	  3  615964  
	  13  1567305  
	  4  704310  
	  1  273250  
	  6  690037  
	  4  637598  
	  3  1035764  
	  8  695148  
	  0  96056  
	  1  316368  
	  0  105394  
	  4  483977  
	  2  200373  
	  0  64625  
	  1  119427  
	  0  97956  
	  2  419677  
	  5  313189  
	  0  59836  
	  4  297539  
	  0  114820  
	  25  1661279  
	  6  276174  
	  0  32458  
	  3  86374  
	  24  2997046  
	  1  149783  
	  3  184644  
	  2  428110  
	  3  220866  
** GA-1 265   24460145
CIT
	  3  252625  
	  1  135961  
	  3  785953  
	  1  47020  
	  1  56665  
	  0  48316  
	  0  97626  
	  0  29416  
	  3  509796  
	  4  938324  
	  9  1755287  
	  3  215616  
	  2  504757  
	  1  40279  
	  2  378676  
	  4  1145134  
	  1  577945  
	  3  322531  
	  0  322489  
	  7  1245716  
	  7  358022  
	  6  615964  
	  5  1567305  
	  5  704310  
	  0  273250  
	  2  690037  
	  8  637598  
	  7  1334848  
	  2  548252  
	  3  96056  
	  0  316368  
	  1  105394  
	  1  483977  
	  0  200373  
	  0  64625  
	  2  119427  
	  0  97956  
	  4  462653  
	  4  313189  
	  0  59836  
	  0  297539  
	  0  114820  
	  10  1661279  
	  0  276174  
	  0  32458  
	  0  86374  
	  10  2997046  
	  0  149783  
	  2  184644  
	  1  428110  
	  0  220866  
** CIT 128   24908665
TFP
	  0  288079  
	  0  32918  
	  1  785953  
	  0  47020  
	  0  56665  
	  0  29832  
	  0  48743  
	  0  29416  
	  0  509796  
	  1  656334  
	  0  1755287  
	  0  215616  
	  0  504757  
	  0  40279  
	  1  228879  
	  1  1145134  
	  3  577945  
	  0  322531  
	  0  322489  
	  2  1245716  
	  0  358022  
	  0  615964  
	  0  1567305  
	  0  704310  
	  0  273250  
	  0  690037  
	  1  637598  
	  0  1035764  
	  1  381129  
	  0  96056  
	  0  316368  
	  0  105394  
	  0  483977  
	  0  200373  
	  0  64625  
	  0  119427  
	  0  97956  
	  0  419677  
	  0  313189  
	  0  59836  
	  0  297539  
	  0  114820  
	  0  1661279  
	  0  276174  
	  0  32458  
	  0  86374  
	  2  2997046  
	  0  149783  
	  0  184644  
	  0  288758  
	  0  220866  
** TFP 13   23693387
MUT
	  3  252625  
	  0  135961  
	  4  785953  
	  0  47020  
	  1  56665  
	  0  48316  
	  1  97626  
	  0  29416  
	  4  509796  
	  5  938324  
	  19  1755287  
	  1  215616  
	  1  504757  
	  0  40279  
	  1  378676  
	  1  1145134  
	  0  577945  
	  4  322531  
	  0  322489  
	  6  1245716  
	  1  358022  
	  0  615964  
	  9  1567305  
	  0  704310  
	  0  273250  
	  6  690037  
	  3  637598  
	  6  1334848  
	  13  695148  
	  0  96056  
	  0  316368  
	  1  105394  
	  1  483977  
	  1  200373  
	  0  64625  
	  1  119427  
	  0  97956  
	  0  419677  
	  2  313189  
	  0  59836  
	  2  297539  
	  2  114820  
	  6  1661279  
	  0  276174  
	  0  32458  
	  0  86374  
	  44  2997046  
	  0  149783  
	  3  184644  
	  5  428110  
	  1  427302  
** MUT 158   25219021
BKT
	  0  252624  
	  0  135961  
	  2  785953  
	  0  47020  
	  0  56665  
	  0  48316  
	  0  97626  
	  0  29416  
	  0  509796  
	  0  656334  
	  2  1755287  
	  0  215616  
	  0  504757  
	  0  40279  
	  0  210215  
	  1  1145134  
	  0  577945  
	  0  322531  
	  0  322489  
	  0  1245716  
	  0  358022  
	  0  615964  
	  1  1567305  
	  0  704310  
	  0  273250  
	  0  690037  
	  0  637598  
	  0  1035764  
	  2  695148  
	  0  96056  
	  0  316368  
	  0  105394  
	  0  483977  
	  0  200373  
	  0  64625  
	  0  119427  
	  0  97956  
	  1  419677  
	  0  313189  
	  0  59836  
	  0  297539  
	  0  114820  
	  0  1661279  
	  0  276174  
	  0  32458  
	  0  86374  
	  2  2997046  
	  0  149783  
	  0  184644  
	  0  288758  
	  1  220866  
** BKT 12   24123697
VLCADD
	  6  256170  
	  4  135961  
	  22  785953  
	  4  47020  
	  1  56665  
	  2  48316  
	  1  97626  
	  1  29416  
	  7  5097961  
	  12  938324  
	  14  1755287  
	  2  215616  
	  12  504757  
	  1  40279  
	  0  228879  
	  6  1145134  
	  9  322531  
	  3  322489  
	  20  1245716  
	  3  358022  
	  5  615964  
	  17  1567305  
	  6  704310  
	  19  273250  
	  7  690037  
	  6  637598  
	  26  1035764  
	  7  695148  
	  1  96056  
	  6  316368  
	  1  105394  
	  6  483977  
	  3  200373  
	  4  64625  
	  2  119427  
	  5  97956  
	  2  419677  
	  5  313189  
	  0  59836  
	  5  297539  
	  3  114820  
	  45  1661279  
	  10  276174  
	  1  32458  
	  3  86374  
	  37  2997046  
	  7  149783  
	  3  184644  
	  3  428110  
	  5  220866  
** VLCADD 380   28577469
HMG
	  0  252625  
	  0  135961  
	  0  785953  
	  0  47020  
	  0  56665  
	  0  48316  
	  0  97626  
	  0  29416  
	  0  509796  
	  4  797029  
	  2  1755287  
	  1  215616  
	  0  504761  
	  0  40279  
	  0  210215  
	  0  1145134  
	  2  577945  
	  0  322531  
	  1  322489  
	  0  1245716  
	  0  358022  
	  1  615964  
	  1  1567305  
	  0  704310  
	  0  273250  
	  0  690037  
	  0  637598  
	  1  1035764  
	  0  695148  
	  0  96056  
	  0  316368  
	  0  105394  
	  0  483977  
	  0  200373  
	  0  64625  
	  0  119427  
	  0  97956  
	  1  419677  
	  0  313189  
	  0  59836  
	  0  297539  
	  0  114820  
	  1  1661279  
	  0  328729  
	  0  32458  
	  0  86374  
	  1  2997046  
	  0  149783  
	  0  184644  
	  0  428110  
	  0  220866  
** HMG 16   24456304
